1 8
2 34
3 116
4 81
5 39
6 56
7 64
8 107
9 9
10 55
11 101
12 8
13 65
14 52
15 44
16 101
17 52
18 2
19 53
20 103
21 73
22 22
23 95
24 41
25 6
26 86
27 38
28 54
29 112
30 38
31 77
32 95
33 82
34 62
35 125
36 60
37 111
38 68
39 64
40 98
41 43
42 40
43 37
44 25
45 87
46 87
47 93
48 73
49 2
50 4
51 123
52 123
53 35
54 82
55 108
56 4
57 14
58 32
59 46
60 92
61 11
62 80
63 71
64 10
65 96
66 110
67 64
68 113
69 76
70 85
71 97
72 91
73 113
74 29
75 12
76 111
77 8
78 116
79 58
80 31
81 102
82 103
83 59
84 66
85 63
86 32
87 50
88 18
89 107
90 10
91 113
92 59
93 41
94 74
95 109
96 69
97 73
98 117
99 79
100 42
