1 5
2 125
3 94
4 27
5 83
6 121
7 17
8 55
9 69
10 112
11 46
12 28
13 57
14 67
15 123
16 105
17 115
18 101
19 56
20 67
21 106
22 65
23 46
24 100
25 44
26 56
27 37
28 49
29 38
30 10
31 3
32 84
33 99
34 27
35 47
36 0
37 27
38 115
39 88
40 86
41 48
42 73
43 6
44 80
45 9
46 31
47 125
48 99
49 43
50 113
51 55
52 65
53 25
54 61
55 16
56 110
57 14
58 104
59 117
60 68
61 41
62 24
63 35
64 3
65 104
66 2
67 11
68 85
69 32
70 79
71 51
72 2
73 46
74 74
75 70
76 89
77 82
78 73
79 76
80 53
81 89
82 19
83 117
84 66
85 1
86 104
87 70
88 75
89 108
90 91
91 5
92 50
93 93
94 71
95 12
96 42
97 83
98 104
99 30
100 7
