1 1 35203.97828253837 0.7943738203141524 84.88476419591383 572.278938842422 1612.6316326976835 1303.7904565205133 2.8991402658272314 9307.800805029558 9100.329192438401 2.8187374391045474 0.48327441092364665 9802.292392264771 8625.959815476908 5.585814690550049 0.09624209157925534 0.1002141242888543 0.09846755311534333 9.0 2020-01-02
1 2 34197.68479674469 0.776440806159427 87.40256398218769 593.5463723526999 1707.813776364902 1369.0506770512534 3.2147157019463317 10101.302850310585 8374.82032797172 3.008464417294661 0.4629527808183611 8941.971978873298 8223.964512342876 4.799852201183841 0.09858277473463492 0.09658204037716188 0.10879088381677551 8.0 2020-01-03
1 3 37559.80873575299 0.7505063035164605 87.44468458880404 632.8650378742326 1645.5646655099754 1341.0300390321283 2.950568133410789 9644.69054022033 9119.06363665051 3.041003393297297 0.4888409560609093 9582.378473268362 7919.202263813202 5.700452301553004 0.10279670092523745 0.11145750524422515 0.09498543221039474 7.0 2020-01-04
1 4 36983.133743615996 0.7395532933257996 84.79839831910043 643.5365449130461 1475.9996421115259 1331.3049316959584 2.969626950012267 9657.744261140335 8422.326115176487 2.9571122692765184 0.49364911078444074 9241.552027471856 8221.190567020736 5.833655958678291 0.10366117275799275 0.1031320070465784 0.10398129635821082 6.0 2020-01-05
1 5 38563.827004622704 0.7831249284491728 88.60786654022903 619.3513994944302 1582.7134219118482 1453.930037816685 3.1900499802471987 9802.753375176186 8142.05370946688 2.9164689693533665 0.4951666292324386 9394.891760978779 9519.51264605373 5.578163298577281 0.1011762147912798 0.09651112530736805 0.0993747130217412 5.0 2020-01-06
1 6 39604.15907022743 0.7448037209770114 84.86095321140924 627.0592722421427 1601.9467791844493 1372.489381671813 2.96838261183981 9460.875397360338 8984.824523923844 2.8782617406920297 0.5532167002543859 10568.95811932392 8323.618051533913 5.344848454345542 0.10480458003654576 0.10144023000409341 0.10284626098371674 4.0 2020-01-07
1 7 36189.57461016709 0.7090649383346886 87.02860160738108 657.4894507424488 1507.5302475551528 1475.4243521911908 3.1580546730105166 9547.532642103713 9436.815414837161 3.043080714322679 0.4852623817837843 9908.63919916585 8859.631774562698 5.827214716956696 0.10309361921697405 0.09527735895396361 0.10063493106450612 3.0 2020-01-08
1 8 33993.35661946621 0.8661423321199282 81.82415115556321 647.4128539849592 1612.9575173768496 1534.7032909872175 3.371752249711527 8918.72411796435 8824.421584366075 2.9662347607172976 0.4959488042164204 9646.079578749132 8574.259791638233 5.591312677685429 0.10288079141541004 0.10069065309350111 0.10384092651641508 2.0 2020-01-09
1 9 32240.744711442065 0.852123762784497 83.63346436924873 679.2123198932949 1745.0574594752927 1375.993410806874 2.8021821745717754 9415.630812680809 8899.121589627915 2.8436364747986533 0.5105227856615188 9073.70416254151 8703.74868041406 5.322165380039857 0.10089434660097688 0.10294289122418232 0.10333158543345036 1.0 2020-01-10
1 10 35564.51823203047 0.721382234319018 80.72297573872498 647.9781805180285 1606.973148783223 1427.8325765032857 3.06810499435999 9354.988449149661 8581.053396453131 3.05819511138417 0.4853435843981143 9604.527895256993 8816.660406280605 5.403219600281768 0.09068390142359777 0.1118329558014061 0.10142939755597827 0.0 2020-01-11
2 1 39193.37121323804 0.8703117320199605 86.72688807879734 641.5433834929617 1703.4671266891792 1361.0330768261097 3.238621139727805 8948.532967061688 8593.312226763355 3.080386382503155 0.47725605430829454 9732.9668848538 8679.38476436339 5.374214000756023 0.106547805259784 0.09790053323686311 0.10097742041421376 5.0 2020-01-02
2 2 35783.22851468503 0.84073457553511 87.11301836693886 648.536573437842 1521.8684011781095 1440.6275578273364 2.855985416246032 9701.105632925872 9126.598477692192 3.2318657523376046 0.5543779863600113 8625.263488932975 8125.0458074730695 5.345970201661777 0.10149337736606841 0.09939467855674546 0.09441397606904597 4.0 2020-01-03
2 3 39138.2539440557 0.8788535521328711 89.99803170817174 627.5260487190662 1652.026051672131 1386.0827258480074 2.8684283566219904 9714.99295913278 8995.2925504438 2.7809448474029956 0.4750448135757114 9474.556623899263 7490.553226159751 5.541388288065111 0.09800774140757643 0.09573889265943575 0.09975168691687794 3.0 2020-01-04
2 4 35213.031145517416 0.7845940891698785 85.20702040714619 620.0359984692891 1604.1661893957996 1520.163525193909 2.9546825456832724 9967.662691980346 8532.686868778885 2.8898552978405765 0.49429250346102915 9747.663364428712 9336.016682447598 6.023034445611498 0.08481659964236342 0.09803714067256784 0.0900162126856628 2.0 2020-01-05
2 5 37978.012479228775 0.8542926384602287 82.99320262042914 618.4914389186971 1662.9056630678017 1346.7162983939425 2.877348953063848 9860.897246037379 8414.00309668248 3.152974659753253 0.5279878594412005 10362.268774152963 8597.931485392002 5.836069985109332 0.09919574671257847 0.09899174365583947 0.10903647813031961 1.0 2020-01-06
2 6 39622.577649162515 0.7296655103473677 88.29917492541969 662.0609728101227 1642.3012562926551 1329.1022902415625 3.2419576968929027 10086.221039419395 9434.195797169707 2.874303344935178 0.5150653981761188 8553.601250364452 8290.987326295235 5.269411993344117 0.10166496970326182 0.104626273772336 0.10228011513418353 0.0 2020-01-07
3 1 32177.51727248976 0.7632423844908296 81.98956959582092 647.799398802836 1597.7895108022792 1330.0227853782567 2.8232106573826363 9360.950004815613 8579.44231456177 2.9154908538047017 0.4689298199305892 9883.331451791622 9311.294998561634 5.11650513304208 0.08763185079215896 0.09786363933966753 0.10856992958993486 4.0 2020-01-02
3 2 35184.45901297888 0.7043797743866316 80.49024737597043 623.1066733317328 1522.8608489704882 1296.5025896939592 2.914852857649791 10229.258682489863 8252.161329683906 2.960531617345861 0.49002619225779076 9281.150687735671 8886.252596231094 5.9045619304990105 0.09846599455207378 0.10231483002089777 0.09325126309178229 3.0 2020-01-03
3 3 38496.35315957763 0.7907619367830917 80.94992109249637 643.9415002211385 1603.5602891342733 1293.549767454408 3.1526946384030254 8967.301941823871 8595.001427792906 3.029437952207456 0.5098483907255685 10005.545925827408 8935.852170424861 5.702191542356165 0.09977732854481713 0.0976560675598426 0.10394707119503795 2.0 2020-01-04
3 4 30494.44885757831 0.7779903644798405 85.79809731435422 641.5684133835902 1559.27657742675 1491.0228720157693 2.810818531831656 9787.718648178872 8219.145674993812 3.0553035371791033 0.518354010844685 9226.95314389768 9223.368577105208 5.052536369043522 0.10104149386665014 0.09784335583165621 0.10126523812449892 1.0 2020-01-05
3 5 30829.803022559285 0.8787546913165226 87.39149781120446 612.3113860014287 1574.4663856363395 1266.750834665409 3.1401182304236146 9372.625571188717 8668.359826396787 2.9979901372018114 0.5099658472715619 9744.586531427702 8909.163493097678 5.688060134986227 0.09992699102344571 0.09990017307701168 0.10153326944768278 0.0 2020-01-06
4 1 31992.662609904426 0.8580015527402628 86.28201131885052 619.3591309818248 1532.7421888611493 1379.0531191715945 2.870062352471045 9467.892276591383 8702.134664984604 2.708031929331391 0.46664326315173654 9465.012002511932 8552.073542423206 5.362743868912145 0.10338351037097118 0.09931190052053956 0.09567356790692495 7.0 2020-01-02
4 2 34799.423850998974 0.8387540674720929 83.10927142307575 627.8804658882666 1543.9723424628314 1501.7645784777847 3.057300266869866 10069.560398826774 8347.706117588055 2.951818214261646 0.45932290632724637 9546.32682694687 9436.165735634779 5.729336546295998 0.10786822947135355 0.10450755244941837 0.09537949827995146 6.0 2020-01-03
4 3 37607.59050894889 0.8988459246621204 81.9918377418605 648.5386477290415 1443.3868557473093 1332.8635036553155 2.9296049246657905 9521.79895546474 8954.194990618507 2.7807286193516436 0.4869299317979614 9747.350127848116 8498.349132653748 5.503828362797225 0.09112401499409645 0.09385135775234779 0.09970867789344501 5.0 2020-01-04
4 4 39337.7073265169 0.7093749182738911 86.72248969272107 644.377359707382 1885.1856529835038 1386.057679990412 3.0209492373876468 9831.279497099293 9088.54341695909 3.14256603717382 0.47900629201281864 9650.588550407903 8001.059349179479 6.207683410518374 0.10161803099094227 0.09952197881497032 0.09346868402712123 4.0 2020-01-05
4 5 36041.579453075115 0.8729701038087305 89.5090315612976 672.8401725693178 1671.2712801926261 1347.789393198034 2.996680914112554 8700.720540915254 8266.553935412321 3.0533667461608127 0.4417899786544966 10235.14263953033 8082.290975702069 5.973738436617795 0.10578114409074268 0.10001825598677905 0.10711140756005458 3.0 2020-01-06
4 6 36725.59015800641 0.7015961850100316 85.29567974813705 666.492991119818 1575.249187880847 1408.7743465513765 2.980208732223841 10100.872647618475 9167.551391892983 2.7938120198109533 0.5251556714704946 9170.968800637409 8690.582804744145 5.467558087457685 0.09320379342646518 0.10699255571288926 0.10256839616883894 2.0 2020-01-07
4 7 30272.281448546633 0.8334277799995711 88.08043991060238 663.2071187049866 1573.1665517182744 1402.4094267031987 2.86324911003215 10277.55643129003 9009.991255748915 3.2510696104049672 0.4646650262198808 9681.283563619674 8852.698058004607 4.883374925499813 0.11263858313961682 0.09938286199259733 0.10013933745406568 1.0 2020-01-08
4 8 37384.45212554754 0.8299379326032268 85.0949436228055 590.47961148449 1641.618290893891 1414.4296327637312 3.056610455812526 9281.716614302404 8446.095470873224 2.870950428647755 0.4759256675603977 10747.22455163208 9305.309948553371 5.700357746383405 0.0990820521612368 0.09989075239044509 0.10248004747545869 0.0 2020-01-09
5 1 32654.567562758784 0.840025199568532 86.52724523283896 660.5938750467968 1601.746228767637 1328.6231076113934 3.0731213446742953 8696.811912283834 8889.064799439957 3.2658049723504448 0.505621186164801 9902.17464863585 8666.643657771992 5.5139673351091 0.09697039033596802 0.09623289073878155 0.10183996611378245 4.0 2020-01-02
5 2 32344.498814560357 0.7072287085916311 85.40079708392705 612.2831047874621 1717.0436073452402 1426.2584464533466 3.006263969883859 9620.504272880416 8971.705274527894 3.266100258741952 0.48604341868243306 9215.998092213662 8379.292907759263 6.115687717648909 0.10068226752937225 0.09969301910820864 0.10677511633848871 3.0 2020-01-03
5 3 36794.47551754457 0.8079616078951811 84.56612089446905 593.6108113547491 1573.9420194980166 1378.5770477391645 2.783089738600925 9489.494077323987 8431.0284938058 3.0978550897063806 0.5206727506191137 10548.784243049025 8480.28146598055 5.4345413580920034 0.10757294828829096 0.10791673257163391 0.10078971227036834 2.0 2020-01-04
5 4 33614.125370747046 0.818846450357733 84.2039094821884 662.5662626670252 1629.6424235193065 1405.3855878608601 2.7472536792497717 10258.185490033537 9325.255015220055 2.8075795368372334 0.5015792486819876 10033.8667340268 8541.420297396142 5.251356803963912 0.1047827518085864 0.09697277537157528 0.10307085190058905 1.0 2020-01-05
5 5 37345.12430779695 0.8520239499908309 82.03728928701749 641.3100204768732 1539.7360296369718 1383.4064156180953 2.9756913541330037 9289.709670606924 9037.713258111802 2.8723289410252706 0.4711064552123202 10014.460767288718 8784.872963049482 5.709493266289512 0.0937670081453676 0.09413740021407171 0.09832003726080606 0.0 2020-01-06
